
34	16
0 224 0 0
0 225 0 0
0 226 0 0
0 227 0 0
0 228 0 0
0 229 0 0
0 230 0 0
0 231 0 0
0 232 0 0
0 233 0 0
0 224 0 0
0 225 0 0
0 226 0 0
0 227 0 0
0 228 0 0
0 229 0 0
0 230 0 0
0 231 0 0
0 232 0 0
0 233 0 0
0 224 0 0
0 225 0 0
0 226 0 0
0 227 0 0
0 228 0 0
0 229 0 0
0 224 0 0
0 225 0 0
0 226 0 0
0 227 0 0
0 228 0 0
0 229 0 0
1 230 0 0
0 231 0 0
0 256 0 0
0 257 0 0
0 224 0 0
0 225 0 0
0 226 0 0
0 227 0 0
0 228 0 0
0 229 0 0
0 230 0 0
0 231 0 0
0 256 0 0
0 224 0 0
0 225 0 0
0 226 0 0
0 227 0 0
0 228 0 0
0 229 0 0
0 230 0 0
0 231 0 0
0 232 0 0
0 256 0 0
0 257 0 0
0 258 0 0
0 259 0 0
0 260 0 0
0 261 0 0
0 256 0 0
0 257 0 0
0 258 0 0
0 259 0 0
0 260 0 0
0 261 0 0
0 262 0 0
0 263 0 0
0 288 0 0
0 289 0 0
0 256 0 0
0 257 0 0
0 258 0 0
0 259 0 0
0 260 0 0
0 261 0 0
0 262 0 0
0 263 0 0
0 288 0 0
0 256 0 0
0 257 0 0
0 258 0 0
0 259 0 0
0 260 0 0
0 261 0 0
0 262 0 0
0 263 0 0
0 264 0 0
0 288 0 0
0 289 0 0
0 290 0 0
0 291 0 0
0 292 0 0
0 293 0 0
0 288 0 0
0 289 0 0
0 290 0 0
0 291 0 0
0 292 0 0
0 293 0 0
0 294 0 0
0 295 0 0
0 320 0 0
0 321 0 0
0 288 0 0
0 289 0 0
0 290 0 0
0 291 0 0
0 292 0 0
0 293 0 0
0 294 0 0
0 295 0 0
0 320 0 0
0 288 0 0
0 289 0 0
0 290 0 0
0 291 0 0
0 292 0 0
0 293 0 0
0 294 0 0
0 295 0 0
0 296 0 0
0 320 0 0
0 321 0 0
0 322 0 0
0 323 0 0
0 324 0 0
0 325 0 0
0 320 0 0
0 321 0 0
0 322 0 0
0 323 0 0
0 324 0 0
0 325 0 0
0 326 0 0
0 327 0 0
0 352 0 0
0 353 0 0
0 320 0 0
0 321 0 0
0 322 0 0
0 323 0 0
0 324 0 0
0 325 0 0
0 326 0 0
0 327 0 0
0 352 0 0
0 320 0 0
0 321 0 0
0 322 0 0
0 323 0 0
0 324 0 0
0 325 0 0
0 326 0 0
0 327 0 0
0 328 0 0
0 352 0 0
0 353 0 0
0 354 0 0
0 355 0 0
0 356 0 0
0 357 0 0
0 352 0 0
0 353 0 0
0 354 0 0
0 355 0 0
0 356 0 0
0 357 0 0
0 358 0 0
0 359 0 0
0 480 0 0
0 481 0 0
0 352 0 0
1 353 0 0
1 354 0 0
1 355 0 0
1 356 0 0
1 357 0 0
1 358 0 0
1 359 0 0
1 360 0 0
1 352 0 0
1 353 0 0
1 354 0 0
1 355 0 0
1 356 0 0
1 357 0 0
1 358 0 0
1 359 0 0
1 360 0 0
1 224 0 0
0 225 0 0
0 226 0 0
0 227 0 0
0 228 0 0
0 224 0 0
0 225 0 0
0 226 0 0
0 227 0 0
0 228 0 0
0 229 0 0
0 230 0 0
0 231 0 0
0 232 0 0
0 289 0 0
0 289 0 0
0 290 0 0
1 291 0 0
1 292 0 0
1 1 0 0
1 2 0 0
1 3 0 0
1 4 0 0
1 5 0 0
1 6 0 0
1 7 0 0
1 8 0 0
1 9 0 0
1 10 0 0
1 11 0 0
1 12 0 0
1 13 0 0
1 14 0 0
1 15 0 0
1 256 0 0
0 257 0 0
0 258 0 0
0 259 0 0
0 260 0 0
0 256 0 0
0 257 0 0
0 258 0 0
0 259 0 0
0 260 0 0
0 261 0 0
0 262 0 0
0 263 0 0
0 264 0 0
0 321 0 0
0 321 0 0
0 322 0 0
1 323 0 0
1 324 0 0
1 33 0 0
0 34 0 0
0 35 0 0
0 36 0 0
0 37 0 0
0 38 0 0
0 39 0 0
0 40 0 0
0 41 0 0
0 42 0 0
0 43 0 0
0 44 0 0
0 45 0 0
0 46 0 0
1 47 0 0
1 288 0 0
0 289 0 0
0 290 0 0
0 291 0 0
0 292 0 0
0 288 0 0
0 289 0 0
0 290 0 0
0 291 0 0
0 292 0 0
0 293 0 0
0 294 0 0
0 295 0 0
0 296 0 0
0 289 0 0
0 290 0 0
0 291 0 0
1 292 0 0
1 64 0 0
1 65 0 0
0 66 0 0
0 67 0 0
0 68 0 0
0 69 0 0
0 70 0 0
0 71 0 0
0 72 0 0
0 73 0 0
0 74 0 0
0 75 0 0
0 76 0 0
0 77 0 0
0 78 0 0
1 79 0 0
1 320 0 0
0 321 0 0
0 322 0 0
0 323 0 0
0 324 0 0
0 320 0 0
0 321 0 0
0 322 0 0
0 323 0 0
0 324 0 0
0 325 0 0
0 326 0 0
0 327 0 0
0 328 0 0
0 321 0 0
0 322 0 0
0 323 0 0
1 324 0 0
1 96 0 0
1 97 0 0
0 98 0 0
0 99 0 0
0 100 0 0
0 101 0 0
0 102 0 0
0 103 0 0
0 104 0 0
0 105 0 0
0 106 0 0
0 107 0 0
0 108 0 0
0 109 0 0
0 110 0 0
1 111 0 0
1 352 0 0
0 353 0 0
0 354 0 0
0 355 0 0
0 356 0 0
0 352 0 0
0 353 0 0
0 354 0 0
0 355 0 0
0 356 0 0
0 357 0 0
0 358 0 0
0 359 0 0
0 360 0 0
0 480 0 0
0 481 0 0
0 320 0 0
1 321 0 0
1 128 0 0
1 129 0 0
0 130 0 0
0 131 0 0
0 132 0 0
0 133 0 0
0 134 0 0
0 135 0 0
0 136 0 0
0 137 0 0
0 138 0 0
0 139 0 0
0 140 0 0
0 141 0 0
0 142 0 0
1 143 0 0
1 224 0 0
0 225 0 0
0 226 0 0
0 227 0 0
0 228 0 0
0 224 0 0
0 225 0 0
0 226 0 0
0 227 0 0
0 228 0 0
0 229 0 0
0 230 0 0
0 231 0 0
0 232 0 0
0 289 0 0
0 290 0 0
0 291 0 0
1 292 0 0
1 160 0 0
0 161 0 0
0 162 0 0
0 163 0 0
0 164 0 0
0 165 0 0
0 166 0 0
0 167 0 0
0 168 0 0
0 169 0 0
0 170 0 0
0 171 0 0
0 172 0 0
0 173 0 0
0 174 0 0
1 175 0 0
1 256 0 0
0 257 0 0
0 258 0 0
0 259 0 0
0 260 0 0
0 256 0 0
0 257 0 0
0 258 0 0
0 259 0 0
0 260 0 0
0 261 0 0
0 262 0 0
0 263 0 0
0 264 0 0
0 321 0 0
0 322 0 0
0 323 0 0
1 324 0 0
1 192 0 0
1 193 0 0
1 194 0 0
1 195 0 0
1 196 0 0
1 197 0 0
1 198 0 0
1 199 0 0
1 200 0 0
1 201 0 0
1 202 0 0
1 203 0 0
1 204 0 0
1 205 0 0
1 206 0 0
1 207 0 0
1 288 0 0
0 289 0 0
0 290 0 0
0 291 0 0
0 292 0 0
0 288 0 0
0 289 0 0
0 290 0 0
0 291 0 0
0 292 0 0
0 293 0 0
0 294 0 0
0 295 0 0
0 296 0 0
0 258 0 0
0 259 0 0
0 260 0 0
1 261 0 0
1 262 0 0
1 263 0 0
1 264 0 0
1 265 0 0
1 266 0 0
1 267 0 0
1 268 0 0
1 269 0 0
1 270 0 0
1 271 0 0
1 268 0 0
1 269 0 0
1 270 0 0
1 271 0 0
1 267 0 0
1 268 0 0
1 269 0 0
0 270 0 0
0 271 0 0
0 323 0 0
0 324 0 0
0 320 0 0
0 321 0 0
0 322 0 0
0 323 0 0
0 324 0 0
0 325 0 0
0 326 0 0
0 327 0 0
0 328 0 0
0 290 0 0
0 291 0 0
0 292 0 0
0 293 0 0
0 294 0 0
0 295 0 0
0 296 0 0
0 297 0 0
0 298 0 0
0 299 0 0
0 300 0 0
0 301 0 0
0 302 0 0
0 303 0 0
0 300 0 0
0 301 0 0
0 302 0 0
0 303 0 0
0 299 0 0
0 300 0 0
0 301 0 0
0 302 0 0
0 303 0 0
0 355 0 0
0 356 0 0
0 352 0 0
0 353 0 0
0 354 0 0
0 355 0 0
0 356 0 0
0 357 0 0
0 358 0 0
0 359 0 0
0 360 0 0
0 576 0 0
0 577 0 0
0 577 0 0
0 0 0 0
0 0 0 0
0 0 0 0
0 0 0 0
0 0 0 0
0 0 0 0
0 0 0 0
0 0 0 0
0 0 0 0
0 0 0 0
0 0 0 0
0 0 0 0
0 0 0 0
0 0 0 0
0 0 0 0
0 0 0 0
0 0 0 0
0 0 0 0
0 0 0 0
0 0 0 0
0 0 0 0
0 0 0 0
0 0 0 0
0 0 0 0
0 0 0 0
0 0 0 0
0 0 0 0
0 0 0 0
0 0 0 0
0 0 0 0
0 0 0 0
0 0
0 0
0 0
0 0
0 0
0 0
0 0
0 0
0 0
0 0
0 0
0 0
0 0
0 0
0 0
0 0
0 0
0 0
0 0
0 0
0 0
0 0
0 0
0 0
0 0
0 0
0 0
0 0
0 0
0 0
0 0
0 0
0 0
0 0
0 0
0 0
0 0
0 0
0 0
0 0
0 0
0 0
0 0
0 0
0 0
0 0
0 0
0 0
0 0
0 0
0 0
0 0
0 0
0 0
0 0
0 0
0 0
0 0
0 0
0 0
0 0
0 0
0 0
0 0
0 0
0 0
0 0
0 0
0 0
0 0
0 0
0 0
0 0
0 0
0 0
0 0
0 0
0 0
0 0
0 0
0 0
0 0
0 0
0 0
0 0
0 0
0 0
0 0
0 0
0 0
0 0
0 0
0 0
0 0
0 0
0 0
0 0
0 0
0 0
0 0
0 0
0 0
0 0
0 0
0 0
0 0
0 0
0 0
0 0
0 0
0 0
0 0
0 0
0 0
0 0
0 0
0 0
0 0
0 0
0 0
0 0
0 0
0 0
0 0
0 0
0 0
0 0
0 0
0 0
0 0
0 0
0 0
0 0
0 0
0 0
0 0
0 0
0 0
0 0
0 0
0 0
0 0
0 0
0 0
0 0
0 0
0 0
0 0
0 0
0 0
0 0
0 0
0 0
0 0
0 0
0 0
0 0
0 0
0 0
0 0
0 0
0 0
0 0
0 0
0 0
0 0
0 0
0 0
0 0
0 0
0 0
0 0
0 0
0 0
0 0
0 0
0 0
0 0
0 0
0 0
0 0
0 0
0 0
0 0
0 0
0 0
0 0
0 0
0 0
0 0
0 0
0 0
0 0
0 0
0 0
0 0
0 0
0 0
0 0
0 0
0 0
0 0
0 0
0 0
0 0
0 0
0 0
0 0
0 0
0 0
0 0
0 0
0 0
0 0
0 0
0 0
0 0
0 0
0 0
0 0
0 0
0 0
0 0
0 0
0 0
0 0
0 0
0 0
0 0
0 0
0 0
0 0
0 0
0 0
0 0
0 0
0 0
0 0
0 0
0 0
0 0
0 0
0 0
0 0
0 0
0 0
0 0
0 0
0 0
0 0
0 0
0 0
0 0
0 0
0 0
0 0
0 0
0 0
0 0
0 0
0 0
0 0
0 0
0 0
0 0
0 0
0 0
0 0
0 0
0 0
0 0
0 0
0 0
0 0
0 0
0 0
0 0
0 0
0 0
0 0
0 0
0 0
0 0
0 0
0 0
0 0
0 0
0 0
0 0
0 0
0 0
0 0
0 0
0 0
0 0
0 0
0 0
0 0
0 0
0 0
0 0
0 0
0 0
0 0
0 0
0 0
0 0
0 0
0 0
0 0
0 0
0 0
0 0
0 0
0 0
0 0
0 0
0 0
0 0
0 0
0 0
0 0
0 0
0 0
0 0
0 0
0 0
0 0
0 0
0 0
0 0
0 0
0 0
0 0
0 0
0 0
0 0
0 0
0 0
0 0
0 0
0 0
0 0
0 0
0 0
0 0
0 0
0 0
0 0
0 0
0 0
0 0
0 0
0 0
0 0
0 0
0 0
0 0
0 0
0 0
0 0
0 0
0 0
0 0
0 0
0 0
0 0
0 0
0 0
0 0
0 0
0 0
0 0
0 0
0 0
0 0
0 0
0 0
0 0
0 0
0 0
0 0
0 0
0 0
0 0
0 0
0 0
0 0
0 0
0 0
0 0
0 0
0 0
0 0
0 0
0 0
0 0
0 0
0 0
0 0
0 0
0 0
0 0
0 0
0 0
0 0
0 0
0 0
0 0
0 0
0 0
0 0
0 0
0 0
0 0
0 0
0 0
0 0
0 0
0 0
0 0
0 0
0 0
0 0
0 0
0 0
0 0
0 0
0 0
0 0
0 0
0 0
0 0
0 0
0 0
0 0
0 0
0 0
0 0
0 0
0 0
0 0
0 0
0 0
0 0
0 0
0 0
0 0
0 0
0 0
0 0
0 0
0 0
0 0
0 0
0 0
0 0
0 0
0 0
0 0
0 0
0 0
0 0
0 0
0 0
0 0
0 0
0 0
0 0
0 0
0 0
0 0
0 0
0 0
0 0
0 0
0 0
0 0
0 0
0 0
0 0
0 0
0 0
0 0
0 0
0 0
0 0
0 0
0 0
0 0
0 0
0 0
0 0
0 0
0 0
0 0
0 0
0 0
0 0
0 0
0 0
0 0
0 0
0 0
0 0
0 0
0 0
0 0
0 0
0 0
0 0
0 0
0 0
0 0
0 0
0 0
0 0
0 0
0 0
0 0
0 0
0 0
0 0
0 0
0 0
0 0
0 0
0 0
0 0
0 0
0 0
0 0
0 0
0 0
0 0
0 0
0 0
0 0
0 0
0 0
0 0
0 0
0 0
0 0
